236
1047
1072
1090
1098
1085
1090
1077
1085
1086
32
1089
1077
1083
1086
32
1077
32
1085
1072
1087
1072
1076
1085
1072
1090
1086
32
1086
1090
32
1074
1089
1103
1082
1072
1082
1074
1080
32
1084
1080
1090
1080
1095
1085
1080
32
1089
1098
1097
1077
1089
1090
1074
1072
46
13
10
1053
1072
1077
1083
1080
32
1089
1072
32
1090
1077
32
1076
1072
32
1075
1080
32
1080
1079
1073
1080
1077
1096
32
1080
32
1076
1072
32
1089
1087
1072
1089
1080
1096
32
1089
1077
1083
1086
1090
1086
46
13
10
1055
1088
1080
1076
1074
1080
1078
1074
1072
1096
32
1089
1077
32
1089
32
1076
1077
1089
1077
1085
32
1073
1091
1090
1086
1085
32
1085
1072
32
1084
1080
1096
1082
1072
1090
1072
32
1080
32
1089
1090
1088
1077
1083
1103
1096
32
1089
32
1083
1103
1074
46
13
10
1050
1086
1075
1072
1090
1086
32
1091
1073
1080
1077
1096
32
1074
1088
1072
1075
44
32
1087
1086
1085
1103
1082
1086
1075
1072
32
1090
1086
1081
32
1084
1086
1078
1077
32
1076
1072
32
1080
1079
1087
1091
1089
1085
1077
32
13
10
1089
1090
1098
1082
1083
1077
1085
1080
1094
1072
44
32
1082
1086
1103
1090
1086
32
1083
1077
1082
1091
1074
1072
46
0
